0 132 244 19 211 325 5 157 95
1 119 308 311 20 209 67 53 22
2 100 126 246 109 339 13 26 91
3 72 149 212 245 220 29 59 134
4 45 118 161 236 249 137 150 9
5 19 349 132 157 18 56 0 211
6 70 140 158 106 107 183 341 321
7 23 127 146 250 56 303 16 51
8 99 338 13 109 153 246 100 89
9 40 137 190 195 236 191 315 180
10 58 214 320 111 342 90 87 123
11 49 117 98 322 230 71 231 16
12 63 336 51 115 146 243 7 16
13 99 153 246 8 89 2 26 91
14 34 83 68 48 139 97 27 242
15 86 144 331 116 36 335 343 35
16 146 162 322 7 51 302 304 49
17 52 82 122 135 156 206 133 152
18 125 324 349 59 66 5 56 212
19 5 132 157 349 0 211 201 18
20 67 308 22 1 321 346 119 158
21 312 353 313 166 175 271 251 222
22 67 321 346 20 158 182 248 308
23 7 56 127 146 250 349 303 16
24 55 106 102 70 323 6 42 114
25 176 178 47 177 292 188 327 121
26 246 2 13 91 100 126 99 153
27 139 314 68 34 14 83 48 97
28 110 213 215 43 326 184 185 57
29 87 169 212 342 307 59 72 320
30 282 362 181 279 154 155 288 217
31 159 234 332 182 160 346 62 22
32 74 96 143 243 330 128 115 172
33 210 310 257 351 88 258 319 360
34 14 68 83 139 48 27 97 314
35 172 297 335 113 243 299 116 96
36 331 343 86 230 339 15 117 247
37 65 229 328 141 303 42 228 302
38 128 231 143 98 74 49 71 32
39 131 238 108 57 124 170 184 120
40 9 190 137 191 315 195 236 196
41 206 207 122 199 198 52 156 204
42 323 328 337 102 114 65 91 55
43 184 213 57 28 238 110 39 215
44 75 101 221 76 220 104 149 304
45 4 161 118 249 236 150 137 69
46 168 235 345 225 226 93 81 224
47 176 188 25 218 178 219 177 292
48 83 97 14 242 34 85 68 145
49 11 98 322 117 71 231 16 230
50 248 346 22 182 67 321 234 20
51 63 146 12 7 16 302 336 23
52 17 122 82 156 206 135 152 41
53 88 209 310 311 33 119 210 1
54 105 216 334 333 240 123 64 241
55 24 102 106 323 70 42 114 6
56 23 349 7 5 18 127 146 250
57 184 238 43 39 213 131 28 108
58 10 320 214 342 111 87 90 29
59 125 212 18 29 72 324 349 87
60 173 354 138 271 340 95 79 94
61 80 103 73 147 171 281 301 304
62 92 160 93 332 235 159 46 31
63 12 51 336 146 115 7 16 302
64 240 327 241 334 177 133 105 178
65 37 328 229 42 141 303 323 337
66 319 324 174 257 18 163 175 210
67 20 22 308 321 346 1 158 182
68 34 139 14 27 83 314 48 97
69 150 237 249 183 161 140 45 6
70 6 106 140 158 24 107 183 341
71 98 114 49 231 323 11 322 38
72 3 212 245 149 29 59 134 220
73 80 171 281 61 278 287 103 289
74 32 143 96 128 243 330 38 115
75 44 221 101 220 76 149 104 3
76 101 104 44 304 75 147 162 221
77 89 107 153 84 140 13 130 6
78 290 300 296 121 291 292 293 178
79 271 272 94 173 353 274 148 60
80 61 73 103 171 281 147 278 287
81 189 345 192 46 167 197 168 235
82 17 135 52 133 122 241 156 206
83 14 48 34 97 68 242 139 85
84 107 130 77 140 233 89 6 183
85 145 239 242 186 187 97 185 217
86 15 331 144 36 116 343 335 230
87 29 342 169 212 320 307 59 72
88 53 310 209 33 311 210 119 257
89 77 153 107 13 84 140 99 246
90 111 123 214 333 10 216 58 54
91 246 337 2 13 26 42 100 126
92 62 93 160 235 332 46 159 168
93 92 235 62 46 160 168 345 332
94 148 271 163 79 173 353 165 174
95 138 211 173 132 60 271 0 19
96 32 243 330 74 115 172 289 143
97 48 242 83 85 14 145 239 34
98 49 71 231 11 322 114 38 117
99 8 13 338 153 246 109 89 2
100 2 109 126 246 338 339 13 26
101 44 76 75 104 221 304 220 147
102 55 323 24 42 114 106 328 337
103 61 147 80 301 304 73 250 104
104 76 304 101 147 162 44 103 301
105 54 334 216 240 333 64 241 123
106 24 70 55 6 102 140 158 323
107 77 84 140 89 130 6 183 341
108 124 131 170 120 39 364 325 238
109 100 338 2 8 126 246 99 339
110 28 215 213 326 43 185 184 186
111 90 214 123 10 333 58 216 320
112 129 223 167 165 192 316 163 189
113 172 35 243 297 335 96 115 299
114 71 323 98 42 102 49 231 328
115 243 336 96 172 12 32 330 35
116 144 335 15 35 86 172 297 331
117 11 230 49 247 343 98 322 36
118 4 236 45 137 161 9 195 249
119 1 311 308 209 20 53 67 88
120 124 325 108 244 131 170 0 39
121 292 300 178 78 25 177 290 176
122 52 156 206 17 152 41 199 82
123 90 333 111 216 214 54 10 105
124 108 120 131 170 325 39 364 244
125 18 59 324 349 212 66 5 56
126 2 339 100 246 343 109 13 26
127 7 303 23 146 250 229 56 16
128 38 143 231 74 98 32 49 71
129 112 167 223 192 316 165 189 197
130 84 233 107 232 77 140 309 89
131 39 108 238 124 170 57 120 364
132 0 19 211 244 5 157 95 325
133 135 241 82 240 17 64 334 52
134 200 245 202 72 204 3 212 199
135 82 133 17 241 52 240 122 64
136 208 251 309 313 164 232 312 233
137 9 195 236 40 180 227 118 190
138 95 173 211 60 271 132 354 79
139 27 68 314 34 14 83 48 97
140 6 107 183 341 70 158 77 84
141 228 229 302 347 37 303 146 227
142 250 350 7 301 315 23 127 146
143 74 128 32 38 96 231 243 330
144 15 116 86 335 331 35 36 172
145 85 239 242 186 187 97 185 217
146 7 16 51 302 23 127 250 162
147 103 301 304 61 250 104 162 80
148 94 163 271 165 174 79 173 353
149 3 220 72 221 212 245 75 29
150 69 249 237 161 183 45 140 4
151 152 344 156 318 122 352 52 206
152 151 156 344 122 318 52 206 352
153 13 89 99 246 77 8 2 26
154 181 155 282 217 30 187 362 239
155 181 217 154 282 187 30 239 362
156 122 152 52 206 151 17 41 199
157 19 201 5 132 203 349 0 211
158 6 321 70 140 22 106 107 183
159 31 332 234 160 182 62 346 92
160 62 332 92 159 93 31 235 234
161 45 249 4 150 118 69 236 237
162 16 304 146 322 104 147 7 51
163 148 165 174 94 223 175 319 271
164 309 208 232 136 233 251 130 313
165 163 223 148 174 112 94 175 319
166 222 348 353 224 359 21 175 271
167 129 192 316 112 189 197 317 223
168 46 225 226 235 345 224 329 93
169 29 307 87 212 306 342 59 72
170 108 364 124 131 363 120 39 305
171 73 80 281 61 278 287 103 289
172 35 113 243 297 335 96 115 299
173 60 138 271 354 95 79 94 353
174 163 175 319 148 165 353 66 257
175 174 353 163 319 21 166 271 148
176 25 47 178 188 177 292 218 327
177 178 327 25 292 64 176 121 240
178 25 177 292 176 327 121 47 64
179 315 317 190 350 316 40 191 142
180 195 329 137 227 226 9 236 347
181 154 155 282 217 30 187 362 239
182 234 346 31 22 248 159 67 321
183 140 237 6 107 341 69 70 158
184 43 57 213 238 28 39 110 131
185 186 326 239 215 85 187 110 145
186 185 239 326 85 187 215 145 242
187 217 239 155 85 186 181 145 242
188 47 218 176 219 25 178 177 292
189 81 192 345 167 197 46 129 316
190 40 191 315 9 196 179 350 137
191 190 196 40 315 306 9 179 350
192 167 189 197 129 316 81 305 112
193 284 285 283 286 280 287 288 281
194 294 295 293 298 291 299 296 297
195 137 180 227 9 236 329 347 40
196 191 306 190 307 40 315 169 9
197 192 305 167 189 363 129 316 81
198 207 41 206 122 199 52 156 204
199 204 206 202 41 122 200 207 52
200 134 202 245 204 72 199 3 212
201 157 203 19 205 5 132 352 349
202 200 204 134 199 245 206 72 41
203 201 205 157 352 19 318 5 132
204 199 202 206 200 41 122 134 207
205 203 352 201 318 157 344 19 151
206 41 122 199 207 52 156 204 198
207 41 198 206 122 199 52 156 204
208 136 309 251 164 232 313 233 312
209 53 311 88 119 310 1 33 308
210 33 257 351 310 258 319 360 340
211 95 132 138 0 19 173 244 5
212 29 59 72 87 169 125 3 245
213 28 43 110 184 215 57 326 238
214 10 111 58 90 320 123 342 333
215 110 326 28 185 213 186 43 239
216 54 333 105 123 334 90 240 111
217 155 187 181 239 154 282 85 186
218 188 219 47 176 25 178 177 292
219 218 188 47 176 25 178 177 292
220 149 221 3 75 72 44 212 245
221 75 220 44 149 101 3 76 72
222 166 224 348 353 225 359 21 175
223 112 165 129 163 167 148 174 192
224 222 225 166 168 348 353 46 226
225 168 224 46 226 222 235 345 329
226 168 329 46 225 180 235 345 224
227 195 347 137 180 228 9 236 329
228 141 347 229 302 227 37 303 146
229 37 141 303 65 228 302 127 328
230 117 247 343 11 36 339 49 331
231 38 98 128 49 71 143 11 322
232 233 309 130 164 208 84 136 107
233 130 232 84 309 107 164 208 77
234 31 182 159 346 332 22 248 160
235 46 93 168 345 92 225 226 81
236 118 137 4 9 195 45 40 180
237 69 183 150 140 249 6 107 341
238 39 57 131 184 108 43 124 170
239 85 186 187 145 242 185 217 97
240 64 241 334 327 133 105 177 135
241 133 240 135 64 334 82 327 105
242 85 97 145 239 48 186 187 83
243 96 115 172 32 330 336 35 113
244 0 325 132 120 19 211 124 5
245 72 134 3 212 200 149 29 59
246 2 13 26 91 100 126 99 153
247 230 117 343 11 36 339 49 331
248 50 346 22 182 67 321 234 20
249 150 161 69 45 237 4 183 118
250 7 142 301 23 127 146 350 147
251 136 313 208 312 309 21 164 232
252 253 256 355 356 255 260 254 357
253 252 355 256 356 255 260 254 357
254 260 357 255 358 356 361 355 264
255 260 356 254 355 357 253 358 252
256 252 253 355 356 255 260 254 357
257 210 258 319 360 33 351 259 66
258 257 259 210 319 360 261 33 351
259 258 261 257 262 210 319 360 263
260 254 255 357 356 358 355 361 253
261 259 262 258 263 257 264 210 319
262 261 263 259 264 258 361 257 358
263 262 264 261 361 259 358 258 357
264 263 361 262 358 261 357 259 254
265 266 269 270 273 267 268 277 276
266 265 269 270 273 267 268 277 276
267 268 273 277 270 276 269 275 266
268 267 277 273 276 270 275 269 274
269 266 270 265 273 267 268 277 276
270 269 273 266 267 265 268 277 276
271 79 94 173 353 272 148 60 138
272 79 274 271 275 94 173 353 276
273 267 270 268 269 277 266 276 265
274 272 275 79 276 271 277 94 173
275 274 276 272 277 79 268 271 267
276 275 277 274 268 272 267 79 273
277 268 276 267 275 273 274 270 272
278 281 289 73 287 330 80 171 286
279 288 362 280 30 283 282 284 181
280 283 288 284 279 193 362 285 30
281 73 278 287 80 171 289 286 61
282 30 181 362 154 155 279 217 288
283 280 284 288 193 279 285 362 286
284 193 283 285 280 286 288 287 279
285 193 286 284 287 283 281 280 73
286 285 287 193 281 284 73 278 283
287 281 286 73 278 285 80 171 289
288 279 280 362 283 30 284 282 193
289 278 330 281 96 73 287 32 243
290 78 296 300 291 121 293 292 294
291 293 296 294 290 194 78 295 300
292 121 178 300 25 177 78 176 327
293 291 294 296 194 290 295 78 298
294 194 293 295 291 298 296 299 290
295 194 298 294 299 293 297 291 35
296 290 291 78 293 300 294 121 194
297 35 299 172 335 298 113 243 116
298 295 299 194 297 294 35 293 172
299 297 298 35 295 172 335 194 113
300 78 121 290 292 296 178 291 25
301 147 250 103 304 7 142 61 104
302 141 146 228 229 7 16 51 347
303 127 229 7 37 141 23 146 250
304 104 147 162 76 103 301 16 101
305 197 363 192 364 167 189 170 129
306 196 307 191 169 190 29 40 315
307 169 306 29 196 87 212 191 342
308 1 20 119 67 311 22 209 321
309 164 208 232 136 233 251 130 313
310 33 88 210 53 257 351 209 258
311 119 209 1 53 308 88 20 310
312 21 313 353 251 166 175 271 136
313 251 312 136 21 208 353 309 166
314 27 139 68 34 14 83 48 97
315 179 190 350 317 40 191 142 316
316 167 317 129 192 179 112 189 197
317 179 316 315 167 190 350 129 192
318 344 352 151 205 152 203 156 201
319 66 174 257 324 163 175 210 258
320 58 342 10 87 214 29 111 169
321 22 158 67 346 6 20 182 248
322 16 49 146 162 11 98 7 51
323 42 102 114 328 337 55 71 65
324 18 66 125 349 319 59 5 56
325 120 244 124 0 108 132 131 170
326 185 215 186 110 239 28 85 187
327 64 177 240 178 241 334 25 292
328 42 65 323 337 37 102 114 91
329 180 226 195 168 137 227 46 225
330 96 289 32 243 278 74 115 172
331 36 86 343 15 230 339 144 117
332 159 160 31 62 234 92 182 93
333 123 216 90 54 111 105 214 334
334 105 240 54 64 241 216 327 133
335 35 116 172 297 144 113 243 299
336 12 115 63 243 51 96 172 146
337 42 91 323 328 246 102 114 65
338 8 109 99 100 13 2 153 246
339 126 343 2 36 230 100 246 331
340 351 354 210 60 33 257 173 310
341 140 6 107 183 70 158 77 84
342 87 320 29 58 169 212 10 307
343 36 230 339 331 117 247 126 86
344 151 318 152 352 156 205 122 203
345 46 81 168 235 189 225 226 93
346 22 182 248 67 321 234 50 20
347 227 228 195 141 137 180 229 302
348 166 359 222 353 360 224 21 175
349 5 18 56 19 125 324 23 132
350 142 315 250 179 190 7 301 317
351 210 340 33 257 354 310 258 319
352 205 318 203 344 201 151 157 152
353 21 166 175 271 312 222 348 174
354 60 340 173 351 138 271 210 95
355 253 356 252 255 256 260 254 357
356 255 355 260 253 254 252 357 256
357 254 358 260 361 255 264 356 263
358 357 361 254 264 260 263 255 262
359 348 360 166 257 222 353 210 258
360 257 359 210 258 319 348 33 351
361 264 358 263 357 262 254 261 260
362 30 279 282 288 181 280 154 155
363 305 364 197 170 192 108 167 189
364 170 363 108 305 124 131 197 120
