0 3 5 1 4 6 9 7 2
1 3 0 4 5 9 6 7 2
2 8 7 0 6 5 10 9 4
3 1 4 0 5 9 6 7 2
4 9 5 3 6 0 1 7 2
5 9 4 6 3 0 1 7 2
6 5 9 7 4 0 8 3 11
7 8 6 2 5 0 11 9 10
8 7 2 6 10 11 0 12 14
9 4 5 6 3 0 1 7 12
10 14 8 13 11 7 17 2 6
11 12 7 6 10 8 9 17 5
12 11 6 7 17 19 8 10 20
13 14 16 10 22 17 28 8 11
14 13 17 10 16 22 25 19 11
15 34 28 33 16 18 22 27 13
16 22 28 14 13 33 25 30 17
17 19 14 25 26 22 11 20 10
18 21 27 24 23 15 41 38 32
19 17 26 20 25 30 14 36 22
20 26 36 19 30 42 17 25 12
21 18 23 24 27 41 32 38 29
22 28 16 25 33 30 14 17 35
23 24 32 38 31 41 21 29 27
24 29 37 23 38 41 27 18 15
25 30 22 26 19 17 28 33 16
26 19 20 25 30 36 17 42 22
27 24 41 44 23 18 43 38 45
28 33 22 16 30 25 35 34 15
29 32 31 38 37 23 40 41 24
30 25 35 22 33 26 28 42 19
31 32 29 38 23 37 24 41 40
32 31 29 38 23 37 24 41 45
33 28 22 30 35 16 25 34 15
34 15 33 39 28 46 35 22 16
35 30 33 28 42 25 22 46 26
36 42 26 20 30 25 19 35 22
37 45 38 49 29 40 47 50 41
38 41 37 29 24 45 44 23 49
39 34 43 59 46 54 27 57 48
40 50 37 49 29 53 45 38 47
41 44 38 24 45 37 47 23 27
42 36 35 30 26 25 20 33 19
43 47 44 51 57 41 27 54 39
44 41 45 47 38 24 37 43 27
45 47 37 44 49 41 38 50 52
46 48 59 35 34 39 33 42 30
47 50 53 49 52 45 44 43 51
48 46 59 64 35 42 39 68 70
49 50 47 45 37 52 40 53 38
50 49 53 40 37 47 45 52 58
51 52 55 47 43 57 45 56 44
52 47 51 56 49 50 55 45 53
53 58 50 49 40 52 56 47 45
54 67 57 65 64 62 43 39 59
55 62 57 56 51 52 61 66 47
56 61 52 55 62 58 51 53 57
57 55 62 51 54 56 43 52 65
58 53 56 61 50 52 63 60 62
59 48 64 46 39 54 67 34 35
60 63 80 58 72 61 82 66 56
61 62 56 66 63 55 58 52 65
62 55 61 66 57 56 65 51 52
63 60 61 72 66 58 62 82 56
64 70 68 71 73 69 67 59 54
65 66 62 72 54 76 77 75 67
66 62 61 65 63 77 55 81 56
67 69 68 70 71 54 64 75 65
68 70 64 71 67 69 54 74 75
69 67 70 71 68 73 75 74 64
70 71 68 64 73 69 67 74 75
71 70 73 68 64 69 67 74 75
72 80 82 60 63 66 81 65 79
73 71 70 64 68 69 74 67 75
74 73 69 71 70 75 78 68 67
75 69 78 76 67 65 77 74 83
76 65 79 77 84 85 83 78 75
77 76 65 79 75 83 66 85 84
78 75 83 86 76 74 85 69 77
79 81 84 85 87 82 76 83 77
80 82 60 72 63 79 81 61 66
81 79 76 72 84 82 65 66 63
82 72 79 81 80 84 63 60 76
83 85 86 76 84 87 78 79 77
84 87 85 79 83 86 81 76 77
85 83 84 87 86 76 79 77 78
86 83 85 87 84 78 76 75 74
87 84 85 86 83 79 76 81 78
88 90 96 94 89 98 97 95 91
89 92 91 97 88 96 100 93 99
90 88 94 96 98 95 89 97 91
91 92 89 93 99 100 97 88 96
92 93 91 99 89 100 97 105 88
93 92 99 91 100 89 104 97 105
94 90 88 96 95 98 101 97 103
95 101 94 98 96 88 103 106 109
96 98 97 88 94 103 101 89 90
97 96 100 89 98 105 103 88 92
98 96 101 94 103 97 95 88 89
99 93 100 92 105 91 89 97 104
100 105 99 97 92 93 89 107 102
101 95 98 103 94 96 113 109 106
102 104 117 184 105 178 99 100 107
103 98 107 101 97 96 113 105 136
104 102 99 100 124 184 105 117 131
105 100 107 97 99 103 117 102 92
106 109 113 148 101 95 188 165 197
107 136 105 103 117 157 113 100 97
108 135 110 141 111 119 126 139 149
109 106 113 148 151 101 188 157 179
110 119 108 126 135 112 141 128 139
111 108 110 141 135 119 126 149 139
112 118 128 114 126 138 119 110 123
113 151 136 109 157 148 103 101 106
114 123 118 115 129 112 130 138 128
115 123 129 114 132 130 125 118 116
116 133 125 142 132 115 134 145 122
117 178 107 168 102 105 136 184 157
118 112 128 138 114 126 130 123 144
119 126 135 110 139 128 141 108 112
120 127 140 121 137 161 156 152 122
121 122 120 140 134 152 145 156 127
122 121 134 145 140 152 120 133 156
123 129 115 130 114 132 125 144 118
124 174 183 131 181 191 215 104 239
125 132 116 142 115 133 129 123 130
126 119 139 128 118 112 135 138 170
127 137 156 161 120 140 166 154 171
128 118 138 126 112 139 153 119 114
129 123 130 132 115 114 144 125 138
130 147 132 129 144 123 114 118 138
131 252 124 183 184 256 239 206 215
132 125 129 123 130 115 142 147 144
133 142 116 125 145 134 160 132 147
134 145 122 160 121 152 140 133 167
135 141 119 139 108 126 149 110 170
136 157 107 113 151 103 179 117 148
137 154 127 161 171 156 166 120 155
138 128 118 144 153 130 164 114 126
139 128 153 126 176 170 149 119 135
140 152 156 120 166 121 161 127 167
141 135 149 108 119 139 170 110 111
142 133 125 147 116 132 160 145 172
143 159 150 173 163 169 212 158 181
144 130 164 138 129 175 153 123 132
145 134 160 122 172 133 152 177 142
146 227 223 197 244 247 165 277 229
147 190 142 201 196 175 132 172 130
148 151 188 179 109 113 218 157 106
149 170 139 141 135 187 176 126 119
150 158 143 169 181 212 159 238 174
151 113 148 157 136 179 109 188 103
152 140 167 156 166 177 161 120 134
153 176 138 164 170 128 144 139 186
154 137 155 171 127 161 180 156 166
155 180 154 193 137 171 213 161 127
156 161 166 140 127 152 120 167 171
157 136 151 179 113 148 107 208 103
158 181 150 174 191 183 143 212 124
159 163 182 143 169 173 162 204 198
160 145 172 134 192 207 177 133 142
161 156 166 171 127 137 140 152 189
162 173 198 195 182 202 163 211 204
163 159 182 173 162 198 204 169 143
164 186 144 175 153 138 176 190 130
165 197 188 229 223 244 219 227 148
166 156 161 167 152 171 140 189 127
167 177 152 166 156 192 140 161 209
168 178 208 270 117 261 206 157 136
169 243 159 204 150 255 182 202 238
170 176 149 139 153 187 194 126 128
171 189 161 166 137 156 203 154 127
172 207 160 200 192 145 201 217 177
173 182 162 202 198 163 195 204 211
174 183 181 191 158 124 215 150 212
175 190 164 186 196 144 199 147 130
176 170 153 194 186 164 187 139 205
177 167 192 209 152 166 160 145 203
178 184 168 117 206 261 102 258 270
179 218 157 148 151 208 136 188 251
180 193 155 210 154 171 224 189 213
181 174 158 191 183 212 150 215 124
182 202 173 198 204 162 159 195 211
183 174 191 181 215 124 131 239 212
184 178 206 131 102 117 256 168 252
185 213 234 240 224 220 245 155 180
186 164 205 175 176 153 194 144 199
187 194 225 170 149 176 233 205 139
188 148 219 218 165 179 109 151 197
189 203 171 166 161 216 167 210 177
190 175 196 199 147 201 164 144 130
191 183 181 215 174 212 158 250 239
192 177 209 207 167 172 160 222 200
193 210 180 221 155 242 224 171 189
194 176 187 205 170 225 186 233 237
195 211 198 162 226 173 202 182 204
196 199 190 201 175 147 214 217 186
197 165 223 244 227 229 188 277 219
198 202 173 195 182 211 162 204 226
199 196 190 214 175 201 186 205 147
200 217 207 228 201 172 222 196 192
201 196 200 190 217 147 199 172 207
202 182 198 173 204 195 211 231 226
203 189 216 171 166 167 177 209 210
204 202 241 231 182 198 255 243 226
205 194 186 237 176 233 199 164 225
206 258 184 256 261 280 178 273 252
207 200 172 217 192 222 160 209 201
208 278 270 251 168 179 284 157 291
209 192 222 177 207 236 216 167 248
210 193 221 180 230 242 189 262 203
211 195 226 198 235 231 202 173 162
212 250 238 191 279 181 150 215 158
213 224 240 185 242 234 193 180 246
214 199 254 228 196 271 217 205 186
215 239 191 183 252 250 181 260 174
216 203 248 209 189 272 222 230 177
217 228 200 201 207 172 196 236 222
218 179 219 251 188 148 303 208 291
219 251 303 218 148 188 309 229 165
220 245 234 268 185 232 213 285 276
221 210 230 193 262 242 224 269 246
222 236 209 253 207 192 248 200 217
223 244 227 197 247 146 277 229 165
224 242 213 240 262 246 234 185 193
225 233 187 237 194 205 176 170 149
226 235 231 211 195 198 241 204 202
227 223 244 247 146 277 197 229 304
228 217 200 214 266 236 253 196 199
229 311 277 244 326 304 165 223 219
230 269 221 210 281 262 292 216 242
231 226 241 235 204 211 198 249 257
232 268 276 220 245 285 294 289 185
233 194 237 225 205 176 187 254 271
234 240 245 213 185 220 224 265 242
235 226 231 211 249 195 241 198 257
236 253 222 266 209 248 272 282 217
237 233 225 205 254 194 186 214 271
238 274 279 212 259 243 290 169 250
239 252 263 215 256 260 273 191 183
240 213 224 234 242 185 246 262 265
241 231 255 204 243 226 257 264 267
242 224 262 240 246 213 221 193 210
243 255 241 204 169 267 259 264 238
244 223 227 247 277 229 304 165 311
245 220 268 234 285 265 240 232 185
246 262 242 292 240 224 265 295 234
247 277 244 227 223 304 229 326 146
248 272 216 282 222 236 253 209 203
249 257 264 235 231 302 241 226 211
250 212 279 215 298 238 191 260 290
251 291 278 218 208 303 315 270 179
252 256 263 239 273 258 131 215 206
253 236 266 222 282 272 248 228 217
254 214 271 237 205 199 233 228 266
255 243 241 267 204 264 231 259 257
256 252 273 258 263 280 206 239 287
257 249 264 241 267 231 302 235 255
258 280 256 273 206 252 283 261 263
259 267 314 255 243 169 238 274 290
260 324 239 298 263 332 250 215 330
261 283 258 206 280 270 288 284 168
262 242 246 224 221 240 230 292 210
263 252 256 239 273 287 280 258 260
264 267 257 249 255 241 259 302 243
265 246 310 285 322 234 245 240 339
266 253 236 228 282 272 271 214 199
267 264 259 255 257 243 241 274 313
268 245 276 232 285 220 294 234 265
269 281 230 286 292 307 299 316 221
270 284 278 208 168 301 261 283 251
271 254 214 228 266 199 237 253 205
272 282 248 293 286 216 253 236 222
273 280 256 258 263 287 252 288 283
274 238 279 259 290 267 243 314 250
275 312 289 356 318 371 276 232 387
276 268 232 294 289 285 245 318 337
277 247 304 244 326 229 223 227 338
278 208 270 251 284 291 168 218 179
279 274 290 250 238 212 298 259 321
280 273 258 256 287 288 283 263 206
281 269 286 305 296 307 293 230 299
282 272 293 248 296 286 253 236 266
283 261 288 280 258 273 206 284 301
284 270 301 278 261 283 208 342 291
285 322 294 268 265 245 337 339 276
286 296 281 305 293 269 307 282 272
287 330 273 280 263 288 333 324 256
288 333 283 280 287 273 258 344 261
289 318 275 276 356 312 294 355 232
290 279 274 321 298 238 259 314 250
291 251 315 278 303 328 353 208 284
292 299 295 269 325 246 281 230 262
293 286 296 282 281 307 305 272 253
294 337 285 276 322 318 347 268 355
295 299 292 325 334 307 316 341 310
296 286 293 305 281 282 272 269 307
297 319 320 323 300 329 340 343 306
298 327 290 260 321 349 250 279 324
299 307 295 292 325 316 281 269 305
300 323 319 297 320 358 317 376 340
301 284 342 270 283 395 261 288 315
302 306 329 308 257 249 264 351 241
303 328 309 331 291 251 219 315 218
304 326 338 277 311 363 247 229 335
305 286 296 281 307 316 293 299 282
306 302 308 329 351 313 352 340 257
307 316 299 305 281 325 295 269 286
308 313 306 352 302 359 351 314 329
309 331 303 328 219 311 335 365 229
310 346 334 354 339 295 341 265 357
311 326 335 304 338 229 363 277 309
312 371 356 275 384 387 289 372 318
313 308 314 359 352 306 360 259 267
314 360 313 359 308 321 259 369 290
315 291 353 328 251 303 383 398 284
316 307 299 325 305 295 281 341 286
317 376 403 358 300 414 323 381 368
318 355 356 289 372 294 367 390 337
319 297 323 320 300 340 329 348 343
320 297 323 319 340 329 300 343 351
321 290 369 361 327 298 314 360 393
322 339 285 337 357 347 265 310 294
323 319 320 297 300 340 329 343 358
324 332 330 260 350 287 327 298 263
325 295 299 341 334 316 307 292 364
326 338 304 311 363 335 277 380 229
327 298 349 321 324 361 332 388 260
328 303 331 309 315 291 365 353 219
329 340 306 351 302 320 343 297 323
330 332 324 287 333 350 344 260 288
331 309 328 303 365 383 335 311 315
332 327 350 298 260 324 330 333 344
333 288 344 330 287 280 283 273 332
334 341 325 310 364 346 295 354 316
335 311 326 380 363 338 379 304 331
336 382 345 419 430 426 409 389 399
337 347 294 322 374 339 285 386 355
338 326 363 304 380 335 311 277 379
339 357 322 346 374 347 310 370 337
340 329 343 351 320 306 323 297 319
341 334 325 364 354 346 295 316 299
342 301 395 362 284 398 353 424 288
343 340 348 351 329 366 320 323 358
344 333 330 288 397 350 287 332 324
345 409 387 336 421 419 382 400 428
346 354 310 364 357 334 339 341 370
347 374 337 386 339 357 322 370 367
348 414 358 425 300 323 343 423 366
349 388 327 392 361 350 393 298 332
350 332 392 324 330 349 388 394 327
351 352 340 329 306 343 359 308 366
352 359 351 308 313 306 366 340 360
353 315 398 383 416 395 291 328 424
354 364 346 357 334 341 310 370 325
355 367 318 396 372 390 337 294 347
356 372 371 384 318 312 390 289 355
357 339 370 346 374 354 322 347 310
358 376 348 403 414 300 323 343 317
359 352 313 308 360 351 314 373 377
360 314 359 369 313 352 378 321 361
361 393 369 321 349 388 327 404 360
362 395 446 464 424 342 397 466 398
363 335 380 338 331 379 311 326 304
364 354 341 346 334 310 325 357 295
365 383 331 402 328 379 309 303 353
366 373 423 377 351 343 352 437 340
367 396 355 412 386 390 347 413 337
368 385 375 381 391 422 442 317 432
369 361 393 321 360 314 349 290 378
370 374 357 386 339 347 354 346 364
371 384 356 312 387 400 372 411 345
372 356 390 384 318 355 371 413 411
373 377 366 437 423 443 352 359 455
374 347 370 386 357 339 337 396 346
375 385 368 391 422 432 442 381 317
376 317 403 358 368 381 407 300 348
377 373 366 378 437 443 455 359 352
378 377 360 373 404 455 369 359 393
379 405 418 380 335 363 365 441 338
380 363 405 338 335 326 379 418 311
381 368 407 403 385 442 317 376 375
382 419 430 426 336 428 389 409 345
383 353 365 402 416 398 315 331 449
384 371 411 372 356 400 429 387 435
385 422 391 368 375 442 408 432 417
386 374 347 396 367 412 370 337 357
387 400 371 345 409 421 435 384 429
388 392 349 401 393 361 404 350 327
389 399 406 420 426 382 410 336 345
390 413 372 427 411 367 431 355 396
391 408 422 385 375 417 432 368 442
392 388 349 350 401 394 332 393 453
393 361 369 404 388 349 401 321 392
394 392 401 453 350 388 397 452 451
395 398 342 424 362 416 353 434 446
396 412 367 386 355 413 427 390 347
397 460 344 394 362 464 480 453 350
398 416 424 395 353 434 440 383 446
399 389 426 420 406 430 382 410 419
400 435 387 429 384 421 371 409 411
401 388 404 451 392 394 393 476 349
402 449 383 416 365 440 471 398 353
403 376 414 358 317 381 425 407 469
404 393 401 457 388 451 361 378 476
405 380 418 363 379 338 335 326 311
406 420 410 389 399 426 415 438 382
407 469 381 414 502 425 517 403 491
408 391 417 422 385 432 444 375 436
409 421 428 345 419 387 400 382 336
410 406 420 415 438 399 389 426 382
411 431 429 384 439 390 435 413 372
412 396 367 386 427 413 390 355 347
413 427 390 412 431 439 396 411 367
414 403 425 358 348 407 423 343 317
415 438 410 406 420 399 389 426 382
416 398 424 440 434 449 402 353 383
417 408 444 422 432 436 391 461 385
418 379 441 405 365 335 380 402 490
419 428 430 382 409 426 421 345 336
420 406 399 410 389 426 438 415 382
421 409 400 428 387 435 419 345 429
422 385 391 432 408 417 442 444 375
423 437 366 443 373 348 343 425 433
424 434 398 446 416 440 395 362 468
425 414 433 423 348 437 469 407 403
426 399 382 430 420 389 336 419 345
427 413 390 439 412 431 396 411 367
428 419 409 421 382 430 345 387 400
429 400 435 411 421 387 384 431 390
430 426 419 428 382 399 409 389 421
431 411 439 413 429 384 390 427 396
432 444 422 442 417 473 408 385 461
433 454 463 443 425 437 455 470 423
434 424 440 446 468 416 449 398 486
435 429 400 411 387 421 384 431 409
436 461 444 417 450 478 482 408 432
437 443 423 455 463 373 377 366 433
438 415 410 420 406 399 389 426 382
439 431 411 427 413 429 390 384 412
440 434 449 468 424 416 446 471 398
441 418 379 405 402 471 365 449 380
442 473 432 385 422 462 444 368 391
443 455 463 437 423 470 373 377 433
444 461 432 417 436 482 422 408 475
445 493 467 494 484 503 487 504 447
446 434 424 486 466 440 468 464 362
447 472 458 467 459 487 505 445 494
448 465 459 458 481 472 508 447 505
449 440 471 402 468 434 416 398 383
450 477 483 478 436 506 499 461 417
451 476 479 485 452 457 401 404 453
452 479 453 485 451 476 489 497 394
453 452 489 460 394 479 451 480 485
454 470 433 463 507 455 443 500 437
455 463 443 437 470 377 454 373 433
456 500 470 488 523 520 457 455 463
457 476 451 488 479 485 404 456 401
458 447 459 445 467 472 481 465 448
459 458 465 448 472 508 447 481 505
460 480 453 397 496 464 489 452 466
461 444 436 482 478 417 450 432 475
462 491 473 512 532 442 475 519 381
463 455 443 470 437 454 433 377 373
464 466 446 460 480 362 486 397 498
465 459 481 448 458 472 505 508 515
466 464 486 446 498 480 468 362 460
467 487 445 494 493 447 472 516 503
468 440 486 434 471 449 446 424 466
469 502 510 407 517 552 495 425 549
470 463 454 455 500 456 443 433 507
471 449 468 440 402 490 434 416 486
472 505 447 459 508 458 487 516 467
473 442 462 432 475 512 491 444 385
474 492 484 511 513 503 501 493 509
475 512 482 522 473 462 432 444 537
476 479 485 451 457 452 488 497 401
477 483 450 478 506 436 530 461 499
478 450 477 506 461 499 482 483 436
479 485 476 451 452 457 497 453 488
480 460 496 489 498 464 453 466 397
481 508 465 459 505 448 472 458 515
482 522 461 475 444 499 478 432 436
483 506 477 450 478 530 499 436 461
484 503 493 492 511 494 474 504 445
485 479 476 452 451 497 488 457 489
486 468 466 446 434 440 464 471 498
487 516 467 524 494 472 536 505 447
488 457 529 476 485 523 479 456 497
489 496 452 453 497 480 485 479 460
490 498 514 584 466 486 468 471 441
491 462 517 519 532 473 512 502 553
492 511 474 513 484 503 528 493 504
493 494 484 503 445 504 511 467 492
494 493 503 484 504 445 467 511 487
495 552 510 546 469 555 433 507 563
496 489 480 498 460 453 497 452 538
497 485 489 479 452 521 476 488 496
498 496 480 466 514 464 460 489 486
499 522 551 482 478 530 544 561 506
500 520 456 470 523 507 454 527 534
501 509 526 542 513 474 548 492 535
502 517 510 549 469 550 552 539 491
503 511 484 504 493 494 492 513 528
504 503 533 494 511 524 545 528 513
505 508 472 516 518 487 459 481 515
506 483 530 477 478 450 499 551 461
507 500 527 454 520 546 470 574 433
508 505 481 472 459 465 518 515 516
509 501 542 513 558 528 526 548 573
510 552 502 469 550 495 549 555 517
511 503 492 513 484 528 504 474 493
512 532 537 475 553 462 540 565 519
513 528 511 492 503 474 509 554 484
514 560 498 584 486 466 490 538 496
515 518 505 508 536 516 591 481 547
516 536 524 487 518 505 533 472 547
517 502 549 491 539 519 510 469 462
518 515 536 516 505 524 547 508 487
519 532 553 539 491 517 577 565 462
520 523 534 500 527 529 559 507 456
521 497 529 559 534 575 538 488 485
522 482 475 499 544 540 512 537 461
523 520 529 534 500 488 559 456 527
524 536 516 533 547 487 504 518 494
525 557 564 579 531 541 595 543 598
526 535 548 501 573 531 509 542 580
527 507 546 574 587 571 520 534 567
528 513 554 545 511 492 503 504 509
529 523 534 488 559 520 521 497 485
530 506 551 499 568 478 483 561 522
531 535 541 526 557 548 525 580 579
532 553 537 512 519 565 462 491 540
533 547 504 524 545 536 503 556 516
534 559 529 523 520 527 571 488 500
535 531 526 548 541 580 501 509 557
536 524 516 547 533 518 487 504 505
537 553 565 532 540 512 519 544 475
538 560 521 496 584 498 588 497 489
539 549 519 578 517 550 577 553 532
540 544 537 565 553 512 522 532 475
541 531 557 596 535 598 579 580 548
542 558 509 573 576 548 554 528 501
543 572 564 594 525 612 557 579 595
544 540 522 565 537 561 499 512 551
545 554 528 533 556 504 547 570 511
546 574 590 507 495 527 563 587 593
547 533 536 524 556 545 562 504 516
548 573 526 535 580 542 509 501 585
549 550 539 502 517 510 519 578 555
550 549 555 552 510 539 502 578 582
551 568 530 561 499 544 506 522 478
552 510 555 495 550 502 469 563 546
553 537 532 565 519 512 540 577 569
554 545 528 570 556 513 558 542 533
555 552 550 563 510 549 495 582 586
556 570 545 547 562 554 599 533 609
557 525 579 541 564 531 598 595 535
558 542 576 554 509 573 570 528 585
559 534 529 523 567 520 571 527 521
560 584 514 538 498 588 496 480 466
561 551 568 597 544 566 592 499 540
562 591 556 601 547 599 609 611 518
563 586 638 555 495 618 593 546 590
564 579 595 525 594 557 572 598 543
565 537 553 540 569 577 532 544 512
566 597 625 631 561 544 540 589 569
567 571 608 617 621 575 527 534 559
568 551 561 592 530 607 597 499 544
569 566 540 589 565 519 577 616 583
570 556 554 599 545 576 558 609 528
571 567 587 527 608 559 574 534 520
572 543 594 564 612 525 595 579 557
573 548 580 585 542 526 558 509 605
574 590 546 587 593 571 527 608 507
575 567 588 559 521 621 571 608 534
576 558 570 542 603 585 554 599 606
577 583 569 578 565 553 519 581 539
578 583 539 577 581 582 519 549 569
579 598 595 557 564 541 525 604 610
580 541 596 605 585 548 573 542 558
581 582 583 578 577 616 569 539 647
582 581 578 586 583 550 539 555 549
583 577 581 578 569 582 616 589 565
584 560 538 514 588 498 602 496 521
585 580 606 605 573 576 596 558 548
586 638 582 637 563 618 581 555 647
587 608 571 574 614 619 567 593 617
588 602 575 538 621 521 584 560 567
589 566 616 569 583 631 641 577 581
590 574 593 563 546 587 555 618 495
591 562 600 601 547 611 609 556 599
592 607 597 623 568 624 561 625 551
593 590 574 613 587 614 618 563 608
594 612 572 564 622 595 543 610 579
595 579 598 610 564 594 557 604 612
596 605 604 580 615 541 598 585 633
597 592 561 566 607 625 624 568 623
598 579 595 604 596 541 610 557 564
599 609 611 620 570 556 562 601 603
600 591 601 629 562 628 611 635 620
601 611 600 609 620 591 628 562 599
602 588 621 575 627 584 617 538 567
603 606 576 636 632 570 599 609 620
604 610 598 541 639 596 633 615 605
605 596 580 585 606 615 604 633 634
606 634 585 605 636 646 615 580 633
607 592 623 626 624 597 568 625 561
608 587 619 614 617 567 571 574 593
609 611 599 620 601 603 630 562 570
610 639 595 622 598 652 612 604 579
611 609 620 599 601 630 628 562 603
612 594 622 610 654 595 572 652 564
613 648 655 614 593 618 671 587 669
614 619 617 608 587 613 593 648 567
615 633 604 605 596 645 606 634 585
616 647 641 589 581 583 569 582 651
617 619 614 608 621 587 648 627 567
618 586 660 638 661 563 655 613 593
619 614 617 608 587 613 648 567 621
620 611 609 630 599 628 601 632 603
621 627 617 619 575 602 608 588 567
622 612 654 652 610 662 594 639 595
623 626 607 624 592 625 597 568 658
624 625 623 626 607 658 592 597 631
625 624 631 658 597 659 623 592 566
626 623 607 624 592 625 597 568 658
627 665 621 648 617 619 614 683 602
628 630 629 620 601 611 650 653 600
629 628 635 653 630 600 601 666 663
630 628 620 650 611 632 644 609 629
631 625 659 658 624 641 589 597 664
632 644 603 630 620 636 609 650 642
633 615 645 646 604 605 634 596 606
634 646 606 636 615 633 605 643 645
635 629 663 653 628 600 666 681 601
636 634 606 646 632 603 644 642 643
637 651 647 586 679 638 660 616 582
638 618 586 655 661 563 637 593 613
639 610 656 649 652 622 654 668 595
0 0 0 0 0 0 0 0 0
641 664 616 647 631 589 659 651 678
642 644 643 685 636 632 674 650 634
643 657 646 642 634 693 645 636 673
644 632 650 642 630 636 603 674 628
645 633 646 615 657 649 634 673 643
646 634 645 633 606 643 636 657 642
647 616 637 651 641 581 582 679 589
648 665 613 614 617 619 627 671 655
649 684 656 639 645 673 682 657 633
650 666 674 630 653 644 628 629 681
651 679 637 647 688 641 664 616 660
652 654 622 668 662 672 656 639 610
653 666 681 663 629 650 635 628 677
654 652 662 672 622 668 670 680 656
655 667 661 618 613 638 671 669 660
656 668 682 639 652 649 684 654 672
657 673 643 693 645 687 646 684 649
658 659 625 631 624 675 664 623 678
659 658 631 675 664 625 678 641 624
660 637 651 690 586 698 618 661 669
661 667 655 660 669 618 638 671 613
662 670 672 654 652 680 668 622 656
663 681 653 635 666 629 677 650 628
664 641 678 659 631 675 688 651 679
665 648 627 683 676 671 617 613 619
666 653 681 650 674 677 663 629 630
667 661 655 669 671 618 660 613 676
668 672 656 652 654 680 662 691 682
669 671 667 661 714 676 660 698 717
670 662 672 680 654 668 652 622 691
671 669 676 667 655 661 714 683 648
672 662 680 670 668 654 652 691 656
673 684 657 687 695 693 649 682 645
674 650 677 666 681 653 705 644 685
675 701 699 659 704 678 713 658 664
676 669 717 671 719 683 613 648 665
677 705 681 674 666 653 650 711 700
678 704 664 675 709 701 659 713 688
679 688 651 707 690 637 708 715 664
680 672 670 662 668 691 654 652 656
681 666 653 677 663 674 650 705 635
682 668 656 691 696 649 695 684 687
683 676 697 665 671 728 737 692 719
684 695 682 673 687 649 656 702 696
685 710 700 642 694 718 674 730 643
686 689 703 729 699 732 736 734 713
687 695 673 693 684 706 702 657 712
688 679 707 651 715 708 664 678 690
689 686 729 739 736 732 703 756 734
690 708 660 721 723 715 679 731 698
691 696 725 668 724 682 680 702 672
692 697 737 683 743 745 746 735 665
693 706 694 687 657 673 643 718 695
694 706 693 643 712 722 718 685 710
695 684 702 687 682 696 673 712 693
696 702 691 725 682 695 724 726 684
697 737 683 692 735 728 676 746 665
698 714 721 717 731 719 669 751 690
699 701 713 703 675 716 704 686 734
700 705 710 685 727 677 711 730 674
701 713 699 704 675 716 703 709 678
702 696 695 725 712 682 724 726 687
703 686 729 732 734 699 716 701 713
704 709 701 713 678 675 699 720 664
705 677 711 700 727 674 681 738 666
706 694 693 718 687 722 712 673 657
707 688 715 733 679 709 708 678 723
708 690 715 723 721 731 660 698 679
709 704 678 720 713 701 716 707 675
710 685 718 730 700 694 706 722 693
711 727 738 705 744 677 700 681 674
712 726 753 748 702 687 722 706 694
713 701 716 699 704 703 675 709 741
714 717 698 719 669 721 731 751 676
715 708 723 707 690 740 733 688 721
716 713 741 703 701 734 699 742 709
717 714 719 698 751 752 728 721 731
718 730 710 694 706 722 685 693 700
719 717 728 714 752 751 757 698 676
720 742 709 733 767 704 741 766 716
721 731 698 723 708 690 714 717 747
722 730 718 706 712 694 710 693 687
723 708 715 731 721 740 690 750 698
724 725 726 696 753 702 691 712 682
725 724 696 726 691 682 702 753 712
726 724 725 753 702 696 712 748 691
727 700 711 744 738 710 685 677 705
728 719 735 757 752 717 751 758 697
729 736 739 732 689 686 756 703 734
730 722 710 712 748 694 718 685 700
731 721 723 698 747 750 708 714 751
732 734 736 729 703 754 741 755 756
733 740 707 715 764 720 765 723 767
734 741 732 703 716 755 742 754 713
735 746 728 737 758 757 697 763 743
736 729 756 739 732 754 689 762 734
737 697 746 735 692 743 683 763 627
738 711 727 744 705 700 677 710 685
739 736 729 756 754 732 689 686 703
740 750 723 733 765 715 768 731 764
741 734 716 742 755 703 732 713 754
742 741 755 766 734 720 771 716 770
743 745 746 773 737 775 763 735 692
744 727 738 700 711 710 685 677 705
745 743 773 746 737 775 761 692 763
746 735 743 737 763 758 745 775 697
747 750 751 759 731 772 752 760 721
748 753 726 712 722 702 706 687 730
0 0 0 0 0 0 0 0 0
750 747 740 731 768 772 723 765 721
751 752 747 757 759 719 760 717 731
752 751 757 719 760 759 728 747 717
753 726 724 748 725 712 702 722 687
754 755 756 774 732 770 762 779 736
755 754 770 734 741 742 732 771 779
756 762 736 754 774 739 729 732 755
757 752 751 758 728 760 719 759 735
758 757 769 735 763 746 760 728 752
759 760 747 751 772 752 757 769 750
760 759 757 752 769 751 747 758 772
761 773 799 796 801 794 775 795 800
762 756 774 736 754 777 786 770 779
763 775 746 758 781 795 743 735 773
764 765 767 780 733 784 789 740 768
765 768 764 740 790 750 772 784 783
766 771 782 788 742 767 770 755 798
767 789 766 764 788 797 720 780 771
768 772 765 783 790 750 805 740 803
769 760 758 781 791 757 759 763 785
770 754 774 779 755 786 787 782 771
771 766 782 770 787 788 742 755 798
772 783 768 759 747 750 778 760 790
773 775 745 743 761 795 794 763 746
774 777 762 779 754 756 786 793 770
775 795 773 800 763 794 743 746 745
0 0 0 0 0 0 0 0 0
777 774 793 779 762 786 804 754 770
778 785 783 803 772 805 791 790 768
779 786 770 787 774 777 754 804 771
780 784 789 816 818 764 808 797 790
781 763 802 812 769 795 800 775 758
782 787 788 798 771 766 806 770 786
783 778 772 803 768 805 790 785 759
784 780 808 790 805 815 818 816 764
785 778 791 803 783 817 820 769 814
786 777 804 774 779 770 787 798 782
787 782 770 786 771 779 798 788 804
788 782 806 797 798 766 771 789 787
789 797 780 810 767 788 806 816 764
790 805 784 803 783 768 815 808 765
791 785 812 778 769 825 820 781 817
0 0 0 0 0 0 0 0 0
793 809 777 804 807 822 813 774 786
794 800 795 811 775 802 773 761 799
795 800 775 794 773 763 802 811 781
796 799 801 761 794 811 773 800 795
797 810 789 806 788 813 798 782 816
798 807 782 806 787 788 786 804 771
799 801 796 761 794 811 773 800 795
800 795 794 775 802 811 781 761 826
801 799 796 761 794 811 800 773 795
802 826 800 811 781 794 795 812 830
803 805 783 778 815 790 814 808 785
804 786 809 807 793 779 798 777 787
805 790 803 815 808 783 784 814 778
806 797 788 798 810 813 807 782 789
807 798 806 804 809 782 786 813 788
808 815 784 821 814 805 818 790 803
809 804 807 786 793 798 777 806 822
810 797 813 806 789 816 819 788 780
811 794 800 802 795 826 824 775 761
812 830 791 781 802 825 826 769 838
813 807 809 822 798 806 810 819 816
814 815 817 808 829 821 803 805 832
815 808 814 805 803 821 790 784 829
816 819 818 810 780 784 797 813 789
817 820 814 832 829 815 803 821 785
818 816 821 808 819 784 780 828 815
819 816 818 831 810 813 823 828 822
820 817 832 825 836 814 785 791 803
821 829 818 808 828 814 815 835 816
822 831 813 819 823 834 810 807 806
823 831 828 819 848 839 822 818 816
824 840 849 833 811 826 853 850 802
825 841 820 836 830 791 812 817 844
826 833 802 811 830 812 824 838 849
0 0 0 0 0 0 0 0 0
828 835 821 829 823 818 832 819 831
829 821 814 832 835 828 817 815 808
830 825 841 842 838 812 826 833 802
831 823 819 822 828 813 816 848 818
832 829 817 835 820 845 837 814 836
833 830 838 826 842 850 849 824 840
834 852 843 858 822 831 855 859 848
835 828 829 832 837 821 823 839 846
836 837 832 845 820 851 844 825 841
837 839 846 835 857 832 851 845 836
838 842 830 833 841 854 826 850 849
839 848 846 856 837 857 855 823 835
840 853 824 849 850 833 854 826 811
841 825 844 830 836 838 842 820 812
842 838 854 841 830 844 850 833 849
843 855 834 858 859 848 852 856 831
844 836 841 851 845 842 825 838 830
845 851 837 836 832 844 835 846 820
846 839 837 848 857 856 851 835 845
0 0 0 0 0 0 0 0 0
848 839 855 846 856 823 843 831 857
849 850 853 833 840 854 824 838 826
850 849 854 853 833 842 838 840 824
851 845 837 836 846 844 832 857 835
852 834 858 843 859 822 855 809 831
853 849 850 840 854 833 824 838 842
854 850 842 838 849 833 853 841 830
855 856 843 848 859 860 839 858 846
856 855 857 860 861 848 839 846 859
857 861 856 846 839 860 848 855 851
858 859 843 852 855 834 860 848 822
859 855 858 860 843 856 861 848 834
860 861 859 856 855 857 858 848 843
861 860 857 859 855 856 839 846 837
